total_accuracy: 0.3355911330049261
precision: [0.33559113 0.         0.        ]
recall: [1. 0. 0.]
f1: [0.50253573 0.         0.        ]
support: [545 675 404]
prec_avg: 0.3355911330049261
rec_avg: 0.3355911330049261
ConfMatrix: [[545   0   0]
 [675   0   0]
 [404   0   0]]
LGR_ACC: 0.4919950738916256
LP_LGR_ACC: 0.5160098522167488
