total_accuracy: 0.5736823855755895
precision: [0.43943662 0.28009259 0.59939759 0.         0.19398642 0.82173913]
recall: [0.70748299 0.25581395 0.33093126 0.         0.29239766 0.89844425]
f1: [0.54213727 0.26740331 0.42642857 0.         0.23323615 0.8583815 ]
support: [ 441  473 1804   52  684 2314]
prec_avg: 0.5967024373024222
rec_avg: 0.5736823855755895
ConfMatrix: [[ 312    2   11    8    9   99]
 [  59  121   92    0  196    5]
 [ 165  280  597    4  599  159]
 [   0    0    0    0    6   46]
 [  82    2  256    2  200  142]
 [  92   27   40   55   21 2079]]
LGR_ACC: 0.6185852981969486
LP_LGR_ACC: 0.6244798890429958
