total_accuracy: 0.354064039408867
precision: [0.35406404 0.         0.        ]
recall: [1. 0. 0.]
f1: [0.52296498 0.         0.        ]
support: [575 663 386]
prec_avg: 0.354064039408867
rec_avg: 0.354064039408867
ConfMatrix: [[575   0   0]
 [663   0   0]
 [386   0   0]]
LGR_ACC: 0.4839901477832512
LP_LGR_ACC: 0.4932266009852217
