total_accuracy: 0.5963938973647711
precision: [0.51006711 0.53367003 0.60663507 0.         0.0916955  0.75767918]
recall: [0.6893424  0.67019027 0.42572062 0.         0.07748538 0.86343993]
f1: [0.58630665 0.59418932 0.50032573 0.         0.08399366 0.80710967]
support: [ 441  473 1804   52  684 2314]
prec_avg: 0.587330884057659
rec_avg: 0.5963938973647711
ConfMatrix: [[ 304    0   20    4    6  107]
 [  54  317   26    0   13   63]
 [  71  188  768    7  487  283]
 [   0    0    0    0    1   51]
 [  79   20  386   11   53  135]
 [  88   69   66   75   18 1998]]
