total_accuracy: 0.5963938973647711
precision: [0.51355932 0.53299492 0.60632411 0.         0.09059829 0.75775927]
recall: [0.68707483 0.66596195 0.4251663  0.         0.07748538 0.86516854]
f1: [0.58777886 0.59210526 0.49983708 0.         0.08353034 0.8079096 ]
support: [ 441  473 1804   52  684 2314]
prec_avg: 0.5873472858509017
rec_avg: 0.5963938973647711
ConfMatrix: [[ 303    0   20    4    6  108]
 [  51  315   26    0   18   63]
 [  71  187  767    7  489  283]
 [   0    0    0    0    1   51]
 [  79   20  386   11   53  135]
 [  86   69   66   73   18 2002]]
