total_accuracy: 0.4564254062038405
precision: [0.49625    0.44434858 0.20833333]
recall: [0.58641064 0.76070901 0.02215657]
f1: [0.53757617 0.56100218 0.0400534 ]
support: [677 677 677]
prec_avg: 0.38297730323075446
rec_avg: 0.4564254062038405
ConfMatrix: [[397 275   5]
 [110 515  52]
 [293 369  15]]
LGR_ACC: 0.42343673067454457
LP_LGR_ACC: 0.4347612013786312
