total_accuracy: 0.2524630541871921
precision: [0.52941176 0.         0.24953329]
recall: [0.01651376 0.         0.99257426]
f1: [0.03202847 0.         0.39880656]
support: [545 675 404]
prec_avg: 0.4102643431731973
rec_avg: 0.2524630541871921
ConfMatrix: [[  9   0 536]
 [  5   0 670]
 [  3   0 401]]
LGR_ACC: 0.4747536945812808
LP_LGR_ACC: 0.4975369458128079
