total_accuracy: 0.5962205270457698
precision: [0.51706485 0.53140917 0.60586836 0.         0.09443508 0.75785093]
recall: [0.68707483 0.66173362 0.42350333 0.         0.08187135 0.86560069]
f1: [0.59006816 0.58945386 0.49853181 0.         0.08770556 0.80815009]
support: [ 441  473 1804   52  684 2314]
prec_avg: 0.5878344815080326
rec_avg: 0.5962205270457698
ConfMatrix: [[ 303    0   20    4    6  108]
 [  51  313   26    0   20   63]
 [  71  187  764    7  492  283]
 [   0    0    0    0    1   51]
 [  77   20  385   11   56  135]
 [  84   69   66   74   18 2003]]
