total_accuracy: 0.7541625857002938
precision: [0.36533958 0.9986053  0.         0.         0.38636364 0.78271605]
recall: [0.58867925 0.94834437 0.         0.         0.11371237 0.99685535]
f1: [0.45086705 0.97282609 0.         0.         0.17571059 0.8769018 ]
support: [265 755  50  37 299 636]
prec_avg: 0.7488962272967944
rec_avg: 0.7541625857002938
ConfMatrix: [[156   0   0   0  17  92]
 [  0 716   0   0   0  39]
 [ 50   0   0   0   0   0]
 [  0   0   0   0  37   0]
 [220   0   0   0  34  45]
 [  1   1   0   0   0 634]]
