total_accuracy: 0.5967406380027739
precision: [0.5083612  0.53456998 0.60742496 0.         0.09342561 0.75796662]
recall: [0.6893424  0.67019027 0.42627494 0.         0.07894737 0.86343993]
f1: [0.58517806 0.59474672 0.5009772  0.         0.08557845 0.80727273]
support: [ 441  473 1804   52  684 2314]
prec_avg: 0.5878417797421934
rec_avg: 0.5967406380027739
ConfMatrix: [[ 304    0   20    4    6  107]
 [  56  317   26    0   11   63]
 [  71  187  769    7  488  282]
 [   0    0    0    0    1   51]
 [  79   20  385   11   54  135]
 [  88   69   66   75   18 1998]]
