total_accuracy: 0.5970873786407767
precision: [0.51092437 0.53445378 0.60742496 0.         0.09310345 0.75834598]
recall: [0.6893424  0.67230444 0.42627494 0.         0.07894737 0.86387208]
f1: [0.58687259 0.59550562 0.5009772  0.         0.08544304 0.80767677]
support: [ 441  473 1804   52  684 2314]
prec_avg: 0.5881422101122777
rec_avg: 0.5970873786407767
ConfMatrix: [[ 304    0   20    4    6  107]
 [  53  318   26    0   13   63]
 [  71  188  769    7  488  281]
 [   0    0    0    0    1   51]
 [  79   20  385   11   54  135]
 [  88   69   66   74   18 1999]]
