total_accuracy: 0.7761998041136141
precision: [0.50922509 0.99582754 0.         0.         0.36431227 0.80842912]
recall: [0.52075472 0.94834437 0.         0.         0.3277592  0.99528302]
f1: [0.51492537 0.97150611 0.         0.         0.34507042 0.89217759]
support: [265 755  50  37 299 636]
prec_avg: 0.77231955416541
rec_avg: 0.7761998041136141
ConfMatrix: [[138   0   0   0  83  44]
 [  0 716   0   0   1  38]
 [  0   0   0   0  50   0]
 [  0   0   0   0  37   0]
 [133   0   0   0  98  68]
 [  0   3   0   0   0 633]]
LGR_ACC: 0.8521057786483839
LP_LGR_ACC: 0.8413320274240941
