total_accuracy: 0.5811373092926491
precision: [0.64132554 0.01327434 0.64608696 0.         0.21451356 0.80739847]
recall: [0.74603175 0.00634249 0.41186253 0.         0.39327485 0.86776145]
f1: [0.68972746 0.00858369 0.50304672 0.         0.27760578 0.8364924 ]
support: [ 441  473 1804   52  684 2314]
prec_avg: 0.6015415272351743
rec_avg: 0.5811373092926491
ConfMatrix: [[ 329    0   11    6    9   86]
 [  45    3  107    0  314    4]
 [  87  124  743    2  649  199]
 [   0    0    0    0    0   52]
 [  39    2  234    2  269  138]
 [  13   97   55  128   13 2008]]
LGR_ACC: 0.621879334257975
LP_LGR_ACC: 0.6144244105409153
