total_accuracy: 0.41564039408866993
precision: [0.         0.41564039 0.        ]
recall: [0. 1. 0.]
f1: [0.         0.58721183 0.        ]
support: [545 675 404]
prec_avg: 0.41564039408866993
rec_avg: 0.41564039408866993
ConfMatrix: [[  0 545   0]
 [  0 675   0]
 [  0 404   0]]
LGR_ACC: 0.47783251231527096
LP_LGR_ACC: 0.4883004926108374
