total_accuracy: 0.41835664335664335
precision: [0.         0.41832275 1.        ]
recall: [0.0000000e+00 1.0000000e+00 2.4691358e-04]
f1: [0.00000000e+00 5.89883716e-01 4.93705258e-04]
support: [5932 7178 4050]
prec_avg: 0.6281368606490733
rec_avg: 0.41835664335664335
ConfMatrix: [[   0 5932    0]
 [   0 7178    0]
 [   0 4049    1]]
LGR_ACC: 0.5171911421911422
LP_LGR_ACC: 0.4685897435897436
