total_accuracy: 0.590499306518724
precision: [0.60701107 0.1399177  0.6884058  0.0060241  0.22751896 0.7486078 ]
recall: [0.74603175 0.07188161 0.52660754 0.01923077 0.30701754 0.81331029]
f1: [0.66937945 0.09497207 0.59673367 0.00917431 0.26135657 0.77961889]
support: [ 441  473 1804   52  684 2314]
prec_avg: 0.6005498738164609
rec_avg: 0.590499306518724
ConfMatrix: [[ 329    0   13    6   11   82]
 [  11   34  110    0  255   63]
 [   5  120  950    4  444  281]
 [   0    0    0    1    0   51]
 [  80    0  237    2  210  155]
 [ 117   89   70  153    3 1882]]
