total_accuracy: 0.7952987267384917
precision: [0.52336449 0.99721836 0.         0.         0.47511312 0.81177977]
recall: [0.63396226 0.94966887 0.         0.         0.35117057 0.99685535]
f1: [0.57337884 0.97286296 0.         0.         0.40384615 0.89484827]
support: [265 755  50  37 299 636]
prec_avg: 0.7928093128650098
rec_avg: 0.7952987267384917
ConfMatrix: [[168   0   0   0  29  68]
 [  0 717   0   0   0  38]
 [  0   0   0   0  50   0]
 [  0   0   0   0  37   0]
 [153   0   0   0 105  41]
 [  0   2   0   0   0 634]]
