total_accuracy: 0.791380999020568
precision: [0.52189781 0.99721448 0.         0.         0.41414141 0.84196547]
recall: [0.53962264 0.94834437 0.         0.         0.41137124 0.99685535]
f1: [0.53061224 0.97216565 0.         0.         0.41275168 0.91288697]
support: [265 755  50  37 299 636]
prec_avg: 0.7931039275243463
rec_avg: 0.791380999020568
ConfMatrix: [[143   0   0   0  86  36]
 [  0 716   0   0   1  38]
 [  0   0   0   0  50   0]
 [  0   0   0   0  37   0]
 [131   0   0   0 123  45]
 [  0   2   0   0   0 634]]
LGR_ACC: 0.83692458374143
LP_LGR_ACC: 0.8432908912830558
