total_accuracy: 0.4182983682983683
precision: [0.         0.41829837 0.        ]
recall: [0. 1. 0.]
f1: [0.         0.58985948 0.        ]
support: [5932 7178 4050]
prec_avg: 0.4182983682983683
rec_avg: 0.4182983682983683
ConfMatrix: [[   0 5932    0]
 [   0 7178    0]
 [   0 4050    0]]
LGR_ACC: 0.4927738927738928
LP_LGR_ACC: 0.4607808857808858
