total_accuracy: 0.4431314623338257
precision: [0.48959778 0.43004769 0.11538462]
recall: [0.52141802 0.79911374 0.00886263]
f1: [0.50500715 0.55917313 0.01646091]
support: [677 677 677]
prec_avg: 0.34501003033270305
rec_avg: 0.4431314623338257
ConfMatrix: [[353 314  10]
 [100 541  36]
 [268 403   6]]
LGR_ACC: 0.4224519940915805
LP_LGR_ACC: 0.4446085672082718
