total_accuracy: 0.4125463535228677
precision: [0.         0.41254635 0.        ]
recall: [0. 1. 0.]
f1: [0.         0.58411726 0.        ]
support: [1107 1335  794]
prec_avg: 0.4125463535228677
rec_avg: 0.4125463535228677
ConfMatrix: [[   0 1107    0]
 [   0 1335    0]
 [   0  794    0]]
LGR_ACC: 0.4820766378244747
LP_LGR_ACC: 0.4789864029666255
