total_accuracy: 0.5709084604715673
precision: [0.56262042 0.00557103 0.65930331 0.17241379 0.15821501 0.76426983]
recall: [0.66213152 0.00422833 0.43015521 0.09615385 0.22807018 0.89109767]
f1: [0.60833333 0.00480769 0.52063066 0.12345679 0.18682635 0.82282522]
support: [ 441  473 1804   52  684 2314]
prec_avg: 0.5766017426575527
rec_avg: 0.5709084604715673
ConfMatrix: [[ 292    0   10    4   12  123]
 [  60    2   92    0  255   64]
 [  29  236  776    5  535  223]
 [   0    0    0    5    6   41]
 [  80    9  254    0  156  185]
 [  58  112   45   15   22 2062]]
LGR_ACC: 0.6092233009708737
LP_LGR_ACC: 0.6253467406380028
