total_accuracy: 0.7766895200783546
precision: [0.51102941 0.99582754 0.         0.         0.36162362 0.81153846]
recall: [0.5245283  0.94834437 0.         0.         0.3277592  0.99528302]
f1: [0.51769088 0.97150611 0.         0.         0.34385965 0.8940678 ]
support: [265 755  50  37 299 636]
prec_avg: 0.7731644543670759
rec_avg: 0.7766895200783546
ConfMatrix: [[139   0   0   0  85  41]
 [  0 716   0   0   1  38]
 [  0   0   0   0  50   0]
 [  0   0   0   0  37   0]
 [133   0   0   0  98  68]
 [  0   3   0   0   0 633]]
LGR_ACC: 0.8521057786483839
LP_LGR_ACC: 0.8408423114593536
