total_accuracy: 0.4082512315270936
precision: [0.         0.40825123 0.        ]
recall: [0. 1. 0.]
f1: [0.         0.57979886 0.        ]
support: [575 663 386]
prec_avg: 0.4082512315270936
rec_avg: 0.4082512315270936
ConfMatrix: [[  0 575   0]
 [  0 663   0]
 [  0 386   0]]
LGR_ACC: 0.4753694581280788
LP_LGR_ACC: 0.45935960591133007
