total_accuracy: 0.6222260748959778
precision: [0.46657183 0.61590909 0.71969697 0.05797101 0.25       0.7607987 ]
recall: [0.74376417 0.57293869 0.52660754 0.23076923 0.23538012 0.806828  ]
f1: [0.57342657 0.59364732 0.60819462 0.09266409 0.24246988 0.78313758]
support: [ 441  473 1804   52  684 2314]
prec_avg: 0.646657279451787
rec_avg: 0.6222260748959778
ConfMatrix: [[ 328    0   13   10    6   84]
 [  46  271   53    0   41   62]
 [  16  164  950   15  411  248]
 [   0    0    0   12    0   40]
 [ 110    4  249    7  161  153]
 [ 203    1   55  163   25 1867]]
LGR_ACC: 0.5936199722607489
LP_LGR_ACC: 0.6147711511789181
